 s/od:	     0	     1	     2	     3	     4	     5	     6	     7	     8	     9	    10	
    1:	100.00	100.00	100.00	100.00	100.00	100.00	100.00	100.00	100.00	100.00	100.00	
    2:	100.00	100.00	100.00	100.00	100.00	100.00	100.00	100.00	100.00	100.00	100.00	
    3:	100.00	100.00	100.00	100.00	100.00	100.00	100.00	100.00	100.00	100.00	100.00	
    4:	100.00	100.00	100.00	100.00	100.00	100.00	100.00	100.00	100.00	100.00	100.00	
    5:	100.00	100.00	100.00	100.00	100.00	100.00	100.00	100.00	100.00	100.00	100.00	
    6:	100.00	100.00	100.00	100.00	100.00	100.00	100.00	100.00	100.00	100.00	100.00	
    7:	100.00	100.00	100.00	100.00	100.00	100.00	100.00	100.00	100.00	100.00	100.00	
    8:	100.00	100.00	100.00	100.00	100.00	100.00	100.00	100.00	100.00	100.00	100.00	
    9:	100.00	100.00	100.00	100.00	100.00	100.00	100.00	100.00	100.00	100.00	 99.99	
   10:	100.00	100.00	100.00	100.00	100.00	100.00	100.00	100.00	100.00	 99.99	 99.98	
   11:	100.00	100.00	100.00	100.00	100.00	100.00	100.00	100.00	 99.99	 99.97	 99.93	
   12:	100.00	100.00	100.00	100.00	100.00	100.00	100.00	 99.99	 99.97	 99.93	 99.85	
   13:	100.00	100.00	100.00	100.00	100.00	 99.99	 99.99	 99.97	 99.93	 99.85	 99.70	
   14:	100.00	100.00	100.00	100.00	 99.99	 99.98	 99.97	 99.93	 99.86	 99.73	 99.49	
   15:	100.00	100.00	100.00	 99.99	 99.98	 99.96	 99.93	 99.86	 99.74	 99.55	 99.22	
   16:	100.00	100.00	 99.99	 99.98	 99.96	 99.93	 99.87	 99.76	 99.59	 99.31	 98.88	
   17:	 99.99	 99.99	 99.98	 99.96	 99.93	 99.87	 99.77	 99.62	 99.38	 99.01	 98.48	
   18:	 99.99	 99.98	 99.96	 99.93	 99.87	 99.78	 99.65	 99.44	 99.12	 98.67	 98.03	
   19:	 99.97	 99.96	 99.92	 99.87	 99.79	 99.67	 99.48	 99.21	 98.82	 98.28	 97.53	
   20:	 99.95	 99.92	 99.88	 99.80	 99.69	 99.52	 99.28	 98.94	 98.47	 97.84	 97.00	
   21:	 99.92	 99.88	 99.81	 99.71	 99.56	 99.34	 99.04	 98.64	 98.09	 97.37	 96.44	
   22:	 99.88	 99.81	 99.72	 99.58	 99.39	 99.13	 98.77	 98.29	 97.67	 96.86	 95.85	
   23:	 99.82	 99.73	 99.61	 99.44	 99.20	 98.88	 98.46	 97.92	 97.22	 96.33	 95.24	
   24:	 99.74	 99.63	 99.47	 99.26	 98.98	 98.61	 98.12	 97.51	 96.74	 95.78	 94.60	
   25:	 99.65	 99.50	 99.31	 99.06	 98.73	 98.30	 97.75	 97.07	 96.23	 95.20	 93.96	
   26:	 99.53	 99.36	 99.13	 98.83	 98.45	 97.96	 97.36	 96.61	 95.70	 94.60	 93.30	
   27:	 99.40	 99.19	 98.92	 98.57	 98.14	 97.60	 96.94	 96.13	 95.15	 93.99	 92.63	
   28:	 99.24	 98.99	 98.68	 98.29	 97.81	 97.21	 96.49	 95.62	 94.59	 93.37	 91.95	
   29:	 99.06	 98.78	 98.43	 97.99	 97.45	 96.81	 96.03	 95.10	 94.01	 92.73	 91.26	
   30:	 98.86	 98.54	 98.15	 97.66	 97.08	 96.37	 95.54	 94.56	 93.41	 92.08	 90.56	
   31:	 98.64	 98.28	 97.84	 97.31	 96.68	 95.92	 95.04	 94.00	 92.80	 91.42	 89.86	
   32:	 98.40	 98.00	 97.52	 96.94	 96.26	 95.46	 94.52	 93.43	 92.18	 90.76	 89.15	
   33:	 98.14	 97.70	 97.17	 96.55	 95.82	 94.97	 93.98	 92.85	 91.55	 90.09	 88.43	
   34:	 97.86	 97.38	 96.81	 96.14	 95.37	 94.47	 93.44	 92.25	 90.92	 89.41	 87.72	
   35:	 97.56	 97.04	 96.43	 95.72	 94.90	 93.95	 92.88	 91.65	 90.27	 88.72	 87.00	
   36:	 97.24	 96.68	 96.03	 95.28	 94.41	 93.43	 92.30	 91.04	 89.62	 88.04	 86.28	
   37:	 96.91	 96.31	 95.62	 94.82	 93.92	 92.89	 91.72	 90.42	 88.96	 87.34	 85.56	
   38:	 96.56	 95.92	 95.19	 94.35	 93.41	 92.34	 91.13	 89.79	 88.30	 86.65	 84.84	
   39:	 96.19	 95.52	 94.74	 93.87	 92.88	 91.77	 90.54	 89.16	 87.63	 85.96	 84.12	
   40:	 95.81	 95.10	 94.29	 93.38	 92.35	 91.21	 89.93	 88.52	 86.96	 85.26	 83.39	
   41:	 95.41	 94.66	 93.82	 92.87	 91.81	 90.63	 89.32	 87.88	 86.29	 84.56	 82.67	
   42:	 95.00	 94.22	 93.34	 92.36	 91.26	 90.04	 88.70	 87.23	 85.62	 83.86	 81.96	
   43:	 94.58	 93.76	 92.85	 91.83	 90.70	 89.45	 88.08	 86.58	 84.94	 83.16	 81.24	
   44:	 94.15	 93.30	 92.35	 91.30	 90.14	 88.86	 87.46	 85.93	 84.27	 82.47	 80.53	
   45:	 93.70	 92.82	 91.84	 90.76	 89.56	 88.26	 86.83	 85.28	 83.59	 81.77	 79.81	
   46:	 93.25	 92.33	 91.32	 90.21	 88.99	 87.65	 86.20	 84.62	 82.92	 81.08	 79.11	
   47:	 92.79	 91.84	 90.80	 89.65	 88.41	 87.04	 85.57	 83.97	 82.24	 80.39	 78.40	
   48:	 92.31	 91.34	 90.27	 89.10	 87.82	 86.43	 84.93	 83.31	 81.57	 79.70	 77.70	
   49:	 91.83	 90.83	 89.73	 88.53	 87.23	 85.82	 84.30	 82.66	 80.90	 79.01	 77.00	
   50:	 91.34	 90.31	 89.19	 87.96	 86.64	 85.20	 83.66	 82.00	 80.23	 78.33	 76.31	
   51:	 90.85	 89.79	 88.64	 87.39	 86.04	 84.59	 83.02	 81.35	 79.56	 77.65	 75.62	
   52:	 90.34	 89.26	 88.09	 86.81	 85.44	 83.97	 82.39	 80.70	 78.89	 76.97	 74.94	
   53:	 89.84	 88.73	 87.53	 86.24	 84.84	 83.35	 81.75	 80.05	 78.23	 76.30	 74.26	
   54:	 89.32	 88.19	 86.97	 85.66	 84.24	 82.73	 81.12	 79.40	 77.57	 75.63	 73.59	
   55:	 88.80	 87.65	 86.41	 85.07	 83.64	 82.12	 80.49	 78.75	 76.92	 74.97	 72.92	
   56:	 88.28	 87.11	 85.84	 84.49	 83.04	 81.50	 79.86	 78.11	 76.27	 74.31	 72.26	
   57:	 87.76	 86.56	 85.28	 83.91	 82.44	 80.88	 79.23	 77.47	 75.62	 73.66	 71.60	
   58:	 87.23	 86.01	 84.71	 83.32	 81.84	 80.27	 78.60	 76.84	 74.98	 73.01	 70.95	
   59:	 86.70	 85.46	 84.14	 82.74	 81.24	 79.66	 77.98	 76.21	 74.34	 72.37	 70.31	
   60:	 86.16	 84.91	 83.57	 82.15	 80.65	 79.05	 77.36	 75.58	 73.70	 71.73	 69.67	
   61:	 85.63	 84.36	 83.01	 81.57	 80.05	 78.44	 76.74	 74.96	 73.08	 71.10	 69.04	
   62:	 85.09	 83.80	 82.44	 80.99	 79.46	 77.84	 76.13	 74.34	 72.45	 70.48	 68.41	
   63:	 84.55	 83.25	 81.87	 80.41	 78.86	 77.24	 75.52	 73.72	 71.83	 69.86	 67.79	
   64:	 84.01	 82.70	 81.30	 79.83	 78.27	 76.64	 74.92	 73.11	 71.22	 69.24	 67.18	
   65:	 83.47	 82.14	 80.74	 79.25	 77.69	 76.04	 74.32	 72.51	 70.61	 68.64	 66.58	
   66:	 82.93	 81.59	 80.17	 78.68	 77.10	 75.45	 73.72	 71.91	 70.01	 68.04	 65.98	
   67:	 82.39	 81.04	 79.61	 78.10	 76.52	 74.86	 73.13	 71.31	 69.42	 67.44	 65.39	
   68:	 81.85	 80.49	 79.05	 77.53	 75.95	 74.28	 72.54	 70.72	 68.83	 66.85	 64.80	
   69:	 81.31	 79.94	 78.49	 76.97	 75.37	 73.70	 71.96	 70.14	 68.24	 66.27	 64.22	
   70:	 80.78	 79.39	 77.93	 76.40	 74.80	 73.13	 71.38	 69.56	 67.66	 65.69	 63.65	
   71:	 80.24	 78.84	 77.38	 75.84	 74.24	 72.56	 70.81	 68.98	 67.09	 65.12	 63.08	
   72:	 79.71	 78.30	 76.83	 75.28	 73.67	 71.99	 70.24	 68.42	 66.52	 64.56	 62.53	
   73:	 79.17	 77.76	 76.28	 74.73	 73.11	 71.43	 69.68	 67.85	 65.96	 64.00	 61.97	
   74:	 78.64	 77.22	 75.73	 74.18	 72.56	 70.87	 69.12	 67.30	 65.41	 63.45	 61.43	
   75:	 78.11	 76.68	 75.19	 73.63	 72.01	 70.32	 68.57	 66.75	 64.86	 62.91	 60.89	
   76:	 77.59	 76.15	 74.65	 73.09	 71.46	 69.77	 68.02	 66.20	 64.32	 62.37	 60.36	
   77:	 77.06	 75.62	 74.12	 72.55	 70.92	 69.23	 67.48	 65.66	 63.78	 61.84	 59.83	
   78:	 76.54	 75.09	 73.59	 72.02	 70.39	 68.70	 66.94	 65.13	 63.25	 61.31	 59.32	
   79:	 76.02	 74.57	 73.06	 71.49	 69.86	 68.16	 66.41	 64.60	 62.73	 60.80	 58.80	
   80:	 75.51	 74.05	 72.54	 70.96	 69.33	 67.64	 65.89	 64.08	 62.21	 60.28	 58.30	
   81:	 74.99	 73.53	 72.02	 70.44	 68.81	 67.12	 65.37	 63.56	 61.70	 59.78	 57.80	
   82:	 74.49	 73.02	 71.50	 69.92	 68.29	 66.60	 64.85	 63.05	 61.19	 59.28	 57.31	
   83:	 73.98	 72.51	 70.99	 69.41	 67.78	 66.09	 64.34	 62.54	 60.69	 58.78	 56.82	
   84:	 73.48	 72.01	 70.48	 68.90	 67.27	 65.58	 63.84	 62.04	 60.20	 58.30	 56.34	
   85:	 72.98	 71.50	 69.98	 68.40	 66.77	 65.08	 63.34	 61.55	 59.71	 57.81	 55.87	
   86:	 72.48	 71.01	 69.48	 67.90	 66.27	 64.58	 62.85	 61.06	 59.23	 57.34	 55.40	
   87:	 71.99	 70.51	 68.98	 67.40	 65.77	 64.09	 62.36	 60.58	 58.75	 56.87	 54.94	
   88:	 71.50	 70.02	 68.49	 66.91	 65.29	 63.61	 61.88	 60.10	 58.28	 56.41	 54.49	
   89:	 71.02	 69.54	 68.01	 66.43	 64.80	 63.13	 61.40	 59.63	 57.81	 55.95	 54.04	
   90:	 70.54	 69.05	 67.53	 65.95	 64.32	 62.65	 60.93	 59.17	 57.36	 55.50	 53.59	
   91:	 70.06	 68.58	 67.05	 65.47	 63.85	 62.18	 60.47	 58.71	 56.90	 55.05	 53.16	
   92:	 69.58	 68.10	 66.58	 65.00	 63.38	 61.72	 60.01	 58.25	 56.45	 54.61	 52.73	
   93:	 69.12	 67.63	 66.11	 64.54	 62.92	 61.26	 59.55	 57.80	 56.01	 54.18	 52.30	
   94:	 68.65	 67.17	 65.64	 64.07	 62.46	 60.80	 59.10	 57.36	 55.57	 53.75	 51.88	
   95:	 68.19	 66.71	 65.18	 63.62	 62.01	 60.35	 58.66	 56.92	 55.14	 53.32	 51.46	
   96:	 67.73	 66.25	 64.73	 63.16	 61.56	 59.91	 58.22	 56.49	 54.72	 52.91	 51.05	
   97:	 67.28	 65.80	 64.28	 62.72	 61.11	 59.47	 57.78	 56.06	 54.30	 52.49	 50.65	
   98:	 66.83	 65.35	 63.83	 62.27	 60.67	 59.03	 57.36	 55.64	 53.88	 52.08	 50.25	
   99:	 66.38	 64.91	 63.39	 61.83	 60.24	 58.60	 56.93	 55.22	 53.47	 51.68	 49.86	
  100:	 65.94	 64.47	 62.95	 61.40	 59.81	 58.18	 56.51	 54.81	 53.06	 51.28	 49.47	
  101:	 65.50	 64.03	 62.52	 60.97	 59.38	 57.76	 56.10	 54.40	 52.66	 50.89	 49.09	
  102:	 65.07	 63.60	 62.09	 60.55	 58.96	 57.34	 55.69	 54.00	 52.27	 50.51	 48.71	
  103:	 64.64	 63.17	 61.67	 60.13	 58.55	 56.93	 55.28	 53.60	 51.88	 50.12	 48.34	
  104:	 64.21	 62.75	 61.25	 59.71	 58.14	 56.53	 54.88	 53.20	 51.49	 49.75	 47.97	
  105:	 63.79	 62.33	 60.83	 59.30	 57.73	 56.13	 54.49	 52.82	 51.11	 49.37	 47.60	
  106:	 63.38	 61.92	 60.42	 58.89	 57.33	 55.73	 54.10	 52.43	 50.73	 49.01	 47.25	
  107:	 62.96	 61.51	 60.01	 58.49	 56.93	 55.34	 53.71	 52.05	 50.36	 48.64	 46.89	
  108:	 62.55	 61.10	 59.61	 58.09	 56.53	 54.95	 53.33	 51.68	 50.00	 48.28	 46.54	
  109:	 62.15	 60.70	 59.21	 57.70	 56.15	 54.56	 52.95	 51.31	 49.63	 47.93	 46.20	
  110:	 61.75	 60.30	 58.82	 57.30	 55.76	 54.19	 52.58	 50.94	 49.28	 47.58	 45.86	
  111:	 61.35	 59.90	 58.43	 56.92	 55.38	 53.81	 52.21	 50.58	 48.92	 47.23	 45.52	
  112:	 60.95	 59.51	 58.04	 56.54	 55.00	 53.44	 51.85	 50.22	 48.57	 46.89	 45.19	
  113:	 60.56	 59.13	 57.66	 56.16	 54.63	 53.07	 51.49	 49.87	 48.23	 46.56	 44.86	
  114:	 60.18	 58.74	 57.28	 55.79	 54.26	 52.71	 51.13	 49.52	 47.89	 46.22	 44.54	
  115:	 59.80	 58.37	 56.91	 55.42	 53.90	 52.35	 50.78	 49.18	 47.55	 45.90	 44.22	
  116:	 59.42	 57.99	 56.54	 55.05	 53.54	 52.00	 50.43	 48.84	 47.22	 45.57	 43.90	
  117:	 59.04	 57.62	 56.17	 54.69	 53.18	 51.65	 50.09	 48.50	 46.89	 45.25	 43.59	
  118:	 58.67	 57.25	 55.81	 54.33	 52.83	 51.30	 49.75	 48.17	 46.57	 44.94	 43.28	
  119:	 58.30	 56.89	 55.45	 53.98	 52.48	 50.96	 49.41	 47.84	 46.24	 44.62	 42.98	
  120:	 57.94	 56.53	 55.09	 53.63	 52.14	 50.62	 49.08	 47.52	 45.93	 44.31	 42.68	
  121:	 57.58	 56.17	 54.74	 53.28	 51.80	 50.29	 48.76	 47.20	 45.62	 44.01	 42.38	
  122:	 57.22	 55.82	 54.39	 52.94	 51.46	 49.96	 48.43	 46.88	 45.31	 43.71	 42.09	
  123:	 56.87	 55.47	 54.05	 52.60	 51.13	 49.63	 48.11	 46.57	 45.00	 43.41	 41.80	
  124:	 56.52	 55.13	 53.71	 52.27	 50.80	 49.31	 47.80	 46.26	 44.70	 43.12	 41.52	
  125:	 56.18	 54.79	 53.37	 51.94	 50.47	 48.99	 47.48	 45.95	 44.40	 42.83	 41.23	
  126:	 55.83	 54.45	 53.04	 51.61	 50.15	 48.67	 47.17	 45.65	 44.11	 42.54	 40.96	
  127:	 55.49	 54.11	 52.71	 51.28	 49.83	 48.36	 46.87	 45.35	 43.82	 42.26	 40.68	
  128:	 55.16	 53.78	 52.38	 50.96	 49.52	 48.05	 46.57	 45.06	 43.53	 41.98	 40.41	
  129:	 54.83	 53.45	 52.06	 50.65	 49.21	 47.75	 46.27	 44.76	 43.24	 41.70	 40.14	
  130:	 54.50	 53.13	 51.74	 50.33	 48.90	 47.45	 45.97	 44.48	 42.96	 41.43	 39.88	
  131:	 54.17	 52.81	 51.43	 50.02	 48.59	 47.15	 45.68	 44.19	 42.68	 41.16	 39.61	
  132:	 53.85	 52.49	 51.11	 49.71	 48.29	 46.85	 45.39	 43.91	 42.41	 40.89	 39.35	
  133:	 53.53	 52.18	 50.80	 49.41	 47.99	 46.56	 45.10	 43.63	 42.14	 40.63	 39.10	
  134:	 53.21	 51.87	 50.50	 49.11	 47.70	 46.27	 44.82	 43.36	 41.87	 40.37	 38.85	
  135:	 52.90	 51.56	 50.19	 48.81	 47.41	 45.98	 44.54	 43.08	 41.60	 40.11	 38.60	
  136:	 52.59	 51.25	 49.89	 48.52	 47.12	 45.70	 44.27	 42.81	 41.34	 39.85	 38.35	
  137:	 52.28	 50.95	 49.60	 48.22	 46.83	 45.42	 43.99	 42.55	 41.08	 39.60	 38.11	
  138:	 51.98	 50.65	 49.30	 47.94	 46.55	 45.15	 43.72	 42.28	 40.83	 39.35	 37.86	
  139:	 51.68	 50.36	 49.01	 47.65	 46.27	 44.87	 43.46	 42.02	 40.57	 39.11	 37.63	
  140:	 51.38	 50.06	 48.73	 47.37	 45.99	 44.60	 43.19	 41.77	 40.32	 38.87	 37.39	
  141:	 51.09	 49.77	 48.44	 47.09	 45.72	 44.33	 42.93	 41.51	 40.08	 38.62	 37.16	
  142:	 50.80	 49.49	 48.16	 46.81	 45.45	 44.07	 42.67	 41.26	 39.83	 38.39	 36.93	
  143:	 50.51	 49.20	 47.88	 46.54	 45.18	 43.81	 42.42	 41.01	 39.59	 38.15	 36.70	
  144:	 50.22	 48.92	 47.60	 46.27	 44.92	 43.55	 42.17	 40.77	 39.35	 37.92	 36.48	
  145:	 49.94	 48.64	 47.33	 46.00	 44.66	 43.29	 41.92	 40.52	 39.11	 37.69	 36.25	
  146:	 49.66	 48.37	 47.06	 45.74	 44.40	 43.04	 41.67	 40.28	 38.88	 37.46	 36.03	
  147:	 49.38	 48.09	 46.79	 45.47	 44.14	 42.79	 41.42	 40.04	 38.65	 37.24	 35.82	
  148:	 49.10	 47.82	 46.53	 45.21	 43.88	 42.54	 41.18	 39.81	 38.42	 37.02	 35.60	
  149:	 48.83	 47.56	 46.26	 44.96	 43.63	 42.29	 40.94	 39.57	 38.19	 36.80	 35.39	
  150:	 48.56	 47.29	 46.00	 44.70	 43.38	 42.05	 40.70	 39.34	 37.97	 36.58	 35.18	
  151:	 48.30	 47.03	 45.75	 44.45	 43.14	 41.81	 40.47	 39.11	 37.75	 36.36	 34.97	
  152:	 48.03	 46.77	 45.49	 44.20	 42.89	 41.57	 40.24	 38.89	 37.53	 36.15	 34.76	
  153:	 47.77	 46.51	 45.24	 43.95	 42.65	 41.34	 40.01	 38.67	 37.31	 35.94	 34.56	
  154:	 47.51	 46.26	 44.99	 43.71	 42.41	 41.10	 39.78	 38.45	 37.10	 35.73	 34.36	
  155:	 47.25	 46.01	 44.74	 43.47	 42.18	 40.87	 39.56	 38.23	 36.88	 35.53	 34.16	
  156:	 47.00	 45.76	 44.50	 43.23	 41.94	 40.65	 39.33	 38.01	 36.67	 35.33	 33.96	
  157:	 46.75	 45.51	 44.26	 42.99	 41.71	 40.42	 39.11	 37.80	 36.47	 35.12	 33.77	
  158:	 46.50	 45.26	 44.02	 42.76	 41.48	 40.20	 38.90	 37.58	 36.26	 34.92	 33.58	
  159:	 46.25	 45.02	 43.78	 42.52	 41.26	 39.97	 38.68	 37.37	 36.06	 34.73	 33.39	
  160:	 46.01	 44.78	 43.54	 42.29	 41.03	 39.76	 38.47	 37.17	 35.86	 34.53	 33.20	
